,Stocks,Earnings Report,Company/Stock Evaluation,Market Info
0,0.0,0.08983658427252347,0.3614573916636814,0.5487060240637951
1,0.19037226724401654,0.0,0.0,0.8096277327559835
2,0.13324586551628845,0.047038716630260484,0.13862537752566345,0.6810900403277876
3,0.20070165421549324,0.0,0.054304743237900466,0.7449936025466063
4,0.20881234978444796,0.0,0.06755010519746257,0.7236375450180894
5,0.08872846207049782,0.8253132092542024,0.0,0.08595832867529986
6,0.0,0.0,0.0,1.0
7,0.2290724274199775,0.06498473246635807,0.037841577688849576,0.6681012624248148
8,0.0,0.0,0.0,1.0
9,0.11334076558512694,0.050480284767458326,0.25923116780921185,0.5769477818382028
10,0.0,0.0,0.0,1.0
11,0.2107995608353635,0.0,0.11736341088483832,0.6718370282797981
12,0.0,0.0,0.0,1.0
13,0.15695816230476098,0.0,0.037719808237544804,0.8053220294576943
14,0.11100034638220516,0.04988448366592821,0.15214296578045172,0.6869722041714149
15,0.1567572100629052,0.13173986350697517,0.08065296061365025,0.6308499658164695
16,0.20702420788986142,0.0,0.048337763594548916,0.7446380285155897
17,0.13356177212335024,0.0014562356752600989,0.10962721541365666,0.7553547767877331
18,0.21427288554059928,0.2629373211151162,0.18767874354067612,0.33511104980360845
19,0.06454639713455455,0.0,0.030528151545904603,0.9049254513195408
20,0.0,0.0,0.007584715876165772,0.9924152841238343
21,0.0,0.0,0.021147104835754185,0.9788528951642458
22,0.0,0.0,0.0,1.0
23,0.15771958771695183,0.013356821220905566,0.0,0.8289235910621425
24,0.3351124447017518,0.0707901796918531,0.08062532391021855,0.5134720516961765
25,0.9962104554735497,0.0,0.00042815097494363995,0.0033613935515068097
26,0.07018976699001542,0.020281675275881598,0.08034191109636264,0.8291866466377404
27,0.15401147688650874,0.0,0.04213793628795606,0.8038505868255353
28,0.5944317762764345,0.0,0.12335102883787519,0.28221719488569036
29,0.17259506751755813,0.0824719503659996,0.12016218270050281,0.6247707994159395
30,0.5782600840213198,0.013917131390505533,0.15925183643235624,0.2485709481558184
31,0.6137784626037551,0.0,0.14778366681733687,0.23843787057890792
32,0.6262445129735849,0.0,0.09631891350162611,0.277436573524789
33,0.0006324525181320724,0.2827256124915693,0.3845162924684682,0.3321256425218304
34,0.26452096233966604,0.03972475256851703,0.11036738723898963,0.5853868978528273
35,0.9649918929254756,0.0,0.03500810707452443,0.0
36,0.07564967252615228,0.09227361380536907,0.05744681558869715,0.7746298980797816
37,0.007156689267537405,0.011691389115936734,0.21661029809415377,0.764541623522372
38,0.70720082769233,0.0,0.0,0.29279917230766994
39,0.9636241717706591,0.0,0.036375828229340886,0.0
40,0.2666302537579036,0.02909398585673663,0.10227383441717224,0.6020019259681875
41,0.021056887318995347,0.024384383019395443,0.3939699074869715,0.5605888221746377
42,0.0,0.4100175701628726,0.00014683568905314378,0.5898355941480744
43,0.5744842158466656,0.03727952806433187,0.09946163623450205,0.2887746198545005
44,0.15770098728267223,0.07338874761317234,0.20029286064861654,0.5686174044555389
45,0.0,0.0,0.0,1.0
46,0.13668298100381124,0.08821382891526248,0.10456958615984721,0.6705336039210791
47,0.3908556557863712,0.012177063579626423,0.09200440274536963,0.5049628778886328
48,0.9647575553086307,0.0,0.03524244469136936,0.0
49,0.6745429870644044,0.006459658482209479,0.0968817692867422,0.2221155851666438
50,0.9561397158607243,0.0,0.04386028413927564,0.0
51,0.007071764035720715,0.031864173546168946,0.04182635578935631,0.919237706628754
52,0.6558767734737909,0.0,0.13984640429597267,0.20427682223023644
53,0.06148804580894936,0.1307819930218012,0.2989051882051965,0.5088247729640529
54,0.9650439064191478,0.0,0.03495609358085213,0.0
55,0.9623217416389305,0.0,0.03767825836106951,0.0
56,0.8243330729049778,0.013603178908087024,0.16206374818693514,0.0
57,0.05622436087585374,0.24725438432513364,0.357329112405767,0.3391921423932456
58,0.0,0.06852014865266699,0.11070281889760317,0.8207770324497298
59,0.19873323489596176,0.0,0.0891886410664134,0.7120781240376248
60,0.21539982854220074,0.06554030120360277,0.07206493780177327,0.6469949324524232
61,0.007909441585031327,0.5563287609428236,0.06809836149700144,0.36766343597514356
62,0.022074016363989698,0.6001024294751787,0.06867959824612589,0.30914395591470567
63,0.18382861001616602,0.21001140281076697,0.34375616246786705,0.2624038247052001
64,0.0561219203385387,0.18669053771685368,0.26981905599276407,0.4873684859518437
65,0.7697613694521344,0.0,0.10312154571030561,0.1271170848375599
66,0.018442104435067143,0.0,0.8847603574842046,0.09679753808072834
67,0.6088975209758564,0.03635244977252722,0.0841895137285839,0.2705605155230327
68,0.9645126997709669,0.0,0.035487300229033125,0.0
69,0.9411011703971646,0.0,0.03289473734973558,0.026004092253099926
70,0.32449133169844807,0.011910415182543085,0.026402200173115394,0.6371960529458933
71,0.0885391699018067,0.0007060501110928801,0.13005256715753397,0.7807022128295665
72,0.9616624594158953,0.0,0.03833754058410465,0.0
73,0.9638876066427168,0.0,0.02885581284323261,0.00725658051405061
74,0.9592060766592175,0.0,0.04079392334078247,0.0
75,0.9566176880608688,0.0,0.043382311939131175,0.0
76,0.42485709687940065,0.016456321213554146,0.07850409828601485,0.48018248362103033
77,0.4893791786864931,0.0,0.09887057295711814,0.4117502483563888
78,0.051946740301387774,0.10522978666119058,0.39717555746213284,0.44564791557528877
79,0.9380627377847283,0.0,0.03779057286379028,0.02414668935148142
80,0.9600935856644487,0.0,0.039906414335551414,0.0
81,0.9517434720991476,0.0,0.048256527900852345,0.0
82,0.9626252488449347,0.0,0.03737475115506521,0.0
83,0.9419772507325723,0.0,0.033803789126123134,0.02421896014130454
84,0.14206301183743958,0.08228740153307632,0.13806130488479634,0.6375882817446878
85,0.9647909366911402,0.0,0.035209063308859846,0.0
86,0.27864046901076517,0.028006170058724227,0.055413239330482984,0.6379401216000277
87,0.014232344448746072,0.29525729368368997,0.5189620141103691,0.1715483477571948
88,0.15486250359702025,0.09301344449114982,0.12105531987798065,0.6310687320338493
89,0.9619325742467694,0.0,0.03806742575323062,0.0
90,0.9448341052201475,0.0,0.04153911433330778,0.013626780446544738
91,0.2396778172953234,0.023004905148137095,0.05874147181827751,0.678575805738262
92,0.2263730633429673,0.0,0.041807636818443565,0.7318192998385892
93,1.0,0.0,0.0,0.0
94,0.0,0.0,0.020791590536256538,0.9792084094637434
95,0.5807058784073847,0.0,0.0,0.41929412159261514
96,0.17695513961376863,0.06567316897730904,0.04736996871451276,0.7100017226944096
97,0.14395736265030917,0.05802589342207561,0.08621039063447922,0.711806353293136
98,0.06427074559710584,0.0012890269541013515,0.16515386439298352,0.7692863630558093
99,0.8035196477503519,0.0,0.17524595010839608,0.021234402141251944
100,0.9642199497016286,0.0,0.03578005029837144,0.0
101,0.9311988510900167,0.003501761329745817,0.03085195233729948,0.03444743524293793
102,0.024033362144212717,0.05346693429214415,0.055462031316888157,0.8670376722467549
103,0.42152849046931334,0.0,0.09030166088492447,0.48816984864576224
104,0.0,0.0035932420824365667,0.14691768099256444,0.849489076924999
105,0.6548787303247603,0.0,0.04989783559622289,0.2952234340790167
106,0.9649291977496847,0.0,0.03507080225031526,0.0
107,0.9148621622926126,0.0,0.0,0.08513783770738736
108,0.0029106329876876238,0.5128153523829384,0.43918154936482556,0.04509246526454839
109,0.472057203916334,0.0,0.05189522547619061,0.47604757060747527
110,0.19986222562382433,0.011988848649300885,0.08476155587949923,0.7033873698473756
111,0.0011322059425073316,0.0,0.8937582644322956,0.10510952962519712
112,0.7677696366076452,0.023452340433204582,0.15927937637994208,0.04949864657920817
113,0.5345588861263323,0.023575789292376758,0.21480387887870805,0.227061445702583
114,0.139130898460753,0.006279972827872309,0.12711295416598611,0.7274761745453886
115,0.9591452734605187,0.0,0.04085472653948135,0.0
116,0.7648293711247266,0.0,0.14708961338303556,0.0880810154922379
117,0.15076903411608358,0.06809298392328715,0.212249699581132,0.5688882823794973
118,0.1777140401538842,0.5913858833556606,0.0995751154318304,0.1313249610586249
119,0.9686765625708352,0.0,0.029126081825548537,0.002197355603616214
120,0.592067769606009,0.032312700656967605,0.07880243204935375,0.29681709768766973
121,0.29736737484973963,0.04945205893995663,0.09640209952887475,0.5567784666814289
122,0.1911154069316911,0.0,0.03674058087662861,0.7721440121916803
123,0.1487543307852296,0.0,0.053017541216636925,0.7982281279981334
124,0.964966505513776,0.0,0.03503349448622402,0.0
125,0.9646054193813935,0.0,0.03539458061860647,0.0
126,0.49914982940888664,0.07134112537800244,0.07081967282627356,0.35868937238683735
127,0.29420320636364977,0.04675777040106518,0.02834358864956343,0.6306954345857215
128,0.0,0.0,0.0,1.0
129,0.6436257914242444,0.0,0.033563421214899095,0.3228107873608565
130,0.8161868566388735,0.0,0.1838131433611266,0.0
131,0.16943206393248328,0.0045544231898043686,0.04663549701174409,0.7793780158659683
132,0.060388912385470714,0.0,0.11684826249491682,0.8227628251196125
133,0.047633800830319345,0.0,0.12584932569524848,0.8265168734744323
134,0.7619459544728171,0.0,0.04531055614610754,0.19274348938107538
135,0.0,0.02258285014624976,0.0619352934397914,0.9154818564139588
136,0.36349701643307303,0.08334552500414516,0.10066528050981614,0.45249217805296565
137,0.04164316009617996,0.0,0.07468029280132257,0.8836765471024975
138,0.6702121788042215,0.019634408462906417,0.028622931796035946,0.28153048093683625
139,0.40940345721465593,0.0,0.033820237515486865,0.5567763052698572
140,0.0,0.0,0.031424179953854124,0.9685758200461458
141,0.40559602765291697,0.18587711385064798,0.14609068509290957,0.26243617340352543
142,0.24524018001787098,0.05176925363685137,0.0,0.7029905663452776
143,0.10535081843377925,0.0,0.054446738028277236,0.8402024435379435
144,0.12628479983197471,0.011204821835714914,0.028079721047240453,0.8344306572850699
145,0.7546205791802668,0.0,0.16672897970404832,0.07865044111568491
146,0.6297752363474456,0.030318664797508207,0.024308825303336546,0.31559727355170974
147,0.0,0.0,0.11388973343742277,0.8861102665625772
148,0.8601180782571323,0.0,0.06578874388731887,0.07409317785554889
149,0.12221704239242667,0.0641533976276683,0.16470315461597188,0.6489264053639332
150,0.22185804488664781,0.001512285508222732,0.06708488791850734,0.709544781686622
151,0.05953056312444531,0.0,0.12170758801630423,0.8187618488592505
152,0.6086711870710698,0.0012881392239215582,0.0032883484841389914,0.3867523252208698
153,0.0012115796737958958,0.0,0.0,0.9987884203262041
154,0.4396283260982783,0.03179577802702864,0.23357623218245224,0.29499966369224084
155,0.6998893065433152,0.0,0.08076755317966536,0.21934314027701957
156,0.0641635634251224,0.04052043088327201,0.243809939521977,0.6515060661696286
157,0.6436429742161809,0.0,0.03356547372922348,0.3227915520545956
158,0.0,0.0,0.1287456727576919,0.8712543272423081
159,0.6598788967897845,0.046833625040486,0.19297859689860106,0.10030888127112852
160,0.5127894142463476,0.15965190578673066,0.17950721625876082,0.14805146370816086
161,0.5922821787789336,0.0,0.05887049859250554,0.34884732262856083
162,0.0,0.0,0.1302641798473139,0.8697358201526861
163,0.0635460044531935,0.0948529422812355,0.028920239948679392,0.8126808133168916
164,0.9596749022734351,0.0,0.04032509772656496,0.0
165,0.959692751594805,0.0,0.040307248405194965,0.0
166,0.0691975887696847,0.10730418017564308,0.103159033043508,0.7203391980111643
167,0.7188726794684247,0.0,0.0,0.28112732053157524
168,0.9637777140847377,0.0,0.03622228591526241,0.0
169,0.9488713457490061,0.0,0.05112865425099379,0.0
170,0.7728281525455208,0.004624019253169819,0.0806084582370012,0.14193936996430795
171,0.9602921185094675,0.0,0.03970788149053256,0.0
172,0.8313706045229255,0.0,0.16862939547707453,0.0
173,0.09773407166218138,0.024533091899499263,0.6073421955569621,0.2703906408813573
174,0.16381777382030432,0.20247529956739274,0.31573803475928425,0.31796889185301874
175,0.09295972533667722,0.27176173307598556,0.30550118902307866,0.32977735256425855
176,0.13742479216597964,0.09536255438168575,0.14539360974000776,0.621819043712327
177,0.9605393735056481,0.0,0.039460626494351864,0.0
178,0.9602256097501684,0.0,0.039774390249831655,0.0
179,0.9371176320580409,0.0036365532991291154,0.05924581464282999,0.0
180,0.9605190686342054,0.0,0.039480931365794544,0.0
181,0.9321572929885015,0.015311487276639795,0.05253121973485857,0.0
182,0.9579375664928464,0.0,0.042062433507153496,0.0
183,0.014153753368239874,0.8889475976048797,0.0,0.09689864902688033
184,0.9570571163385556,0.0,0.0429428836614444,0.0
185,0.3283086148628998,0.04547418000971002,0.14339748545283237,0.4828197196745577
186,0.9489926043598459,0.0,0.05100739564015415,0.0
187,0.21659314628339996,0.026306439004780746,0.23206414700133907,0.5250362677104802
188,0.14043588984856517,0.22130974789571395,0.3410502212505402,0.29720414100518067
189,0.049098572190043266,0.0,0.02669897651761914,0.9242024512923377
190,0.9677428465127217,0.0,0.032257153487278256,0.0
191,0.9613995942952663,0.0,0.038600405704733595,0.0
192,0.0,0.05285020120946774,0.07724422949435747,0.8699055692961748
193,0.7598573263556105,0.0,0.17712428526048793,0.06301838838390153
194,0.9104781846958446,0.0,0.06417429549694116,0.02534751980721411
195,0.9597693321127424,0.0,0.04023066788725763,0.0
196,0.16218024799210298,0.0,0.0,0.8378197520078969
197,0.22410144048155461,0.02299514672893152,0.0002906082498962772,0.7526128045396177
198,0.14316666664608618,0.08857579586935746,0.1088851692551342,0.6593723682294221
199,0.9588979531301633,0.0,0.04110204686983663,0.0
200,0.9603820367268894,0.0,0.039617963273110554,0.0
201,0.9603577941806382,0.0,0.039642205819361814,0.0
202,0.9607199827514226,0.0,0.039280017248577534,0.0
203,0.05698849063918634,0.7759772733368371,0.0,0.16703423602397663
204,0.024581298985854615,0.03539131266744987,0.6615363609306247,0.27849102741607074
205,0.12386019542139984,0.0026943667226342325,0.08001614118398126,0.7934292966719846
206,0.05995339634006062,0.0,0.12182649104490524,0.8182201126150342
207,0.0,0.0,0.11403469113826095,0.8859653088617391
208,0.7683768706617351,0.000504320627670476,0.08313466007687047,0.147984148633724
209,0.7309848444672866,0.0,0.18601919567640302,0.08299595985631032
210,0.6831275982016365,0.023501558100427006,0.16593190171784908,0.1274389419800875
211,0.9601506917344548,0.0,0.039849308265545225,0.0
212,0.9583515584768768,0.0,0.04164844152312317,0.0
213,0.772153605941451,0.013005082986739833,0.08275915768122308,0.13208215339058604
214,0.9574397247412519,0.0,0.0425602752587481,0.0
215,0.1642851047203356,0.009785972150150242,0.04488636573090506,0.7810425573986092
216,0.2549130828315157,0.07941552692779563,0.14186220824604748,0.5238091819946412
217,0.0,0.0,0.0,1.0
218,0.5312970955318363,0.05839727759637939,0.05598084726082544,0.3543247796109587
219,0.9371663140186761,0.010251920465711648,0.05258176551561218,0.0
220,0.8304319708060117,0.0,0.16956802919398825,0.0
221,0.9611603349072947,0.0,0.038839665092705415,0.0
222,0.4871057364880171,0.07199042154819828,0.04918842954688699,0.3917154124168977
223,0.9568835162403556,0.0,0.043116483759644324,0.0
224,0.17826730382413958,0.08293837768528393,0.12431235050627441,0.6144819679843021
225,0.1576842496133427,0.08799066526983716,0.11876175451379284,0.6355633306030273
226,0.7590674798410646,0.032871843772798406,0.1785600615966632,0.029500614789473835
227,0.0,0.0,0.0,1.0
228,0.9607821246130674,0.0,0.039217875386932485,0.0
229,0.21142692677109948,0.4629080567064648,0.07194625027860196,0.2537187662438337
230,0.21105387441739243,0.46307501308206483,0.07181576654360232,0.2540553459569404
231,0.21280429536809037,0.4613933829646992,0.07203609805993497,0.25376622360727547
232,0.9601259010868876,0.0,0.039874098913112395,0.0
233,0.9606275532671908,0.0,0.03937244673280908,0.0
234,0.5769668843177489,0.04420422246661167,0.08622586917823166,0.2926030240374077
235,0.784649067113597,0.0,0.15200695499998643,0.06334397788641644
236,0.6775142144691353,0.04347406666527697,0.20004992955144713,0.0789617893141406
237,0.0,1.0,0.0,0.0
238,0.1767629791856234,0.07628422405721962,0.16987751946579788,0.5770752772913591
239,0.9499321085819392,0.0,0.05006789141806076,0.0
240,0.8388018443929719,0.0,0.14840370298146788,0.01279445262556026
241,0.9603099732589805,0.0,0.03969002674101953,0.0
242,0.9605487910071577,0.0,0.03945120899284225,0.0
243,0.0,0.06839114076716911,0.1417171874591421,0.7898916717736887
244,0.9543607240209669,0.0,0.045639275979033056,0.0
245,0.9603226075150064,0.0,0.039677392484993544,0.0
246,0.025781352691861804,0.04203967778611406,0.6483006124205654,0.28387835710145876
247,0.0,0.002762336421335042,0.17245116370064195,0.8247864998780229
248,0.0,0.0,0.0,1.0
249,0.9604102428519049,0.0,0.03958975714809508,0.0
250,0.960458594851971,0.0,0.039541405148028896,0.0
251,0.01908877924555864,0.8495973866600797,0.059330784318854295,0.07198304977550732
252,0.8093559417494233,0.0,0.147686213225162,0.042957845025414686
253,0.9408234768818933,0.008493460766114524,0.05068306235199215,0.0
254,0.6848216811172151,0.0072199964684251106,0.18901235620796106,0.11894596620639876
255,0.9611680069325844,0.0,0.03883199306741562,0.0
256,0.6244881260078307,0.005407448417526274,0.03885077009036568,0.33125365548427743
257,0.9599491208996843,0.0,0.04005087910031568,0.0
258,0.7992129207878536,0.012053128103071612,0.14829816853321393,0.040435782575860835
259,0.6315242037137851,0.0,0.051853824490424,0.316621971795791
260,0.9426536038403202,0.0,0.057346396159679854,0.0
261,0.959685032102648,0.0,0.04031496789735193,0.0
262,0.46012099323675426,0.03914042673345073,0.20239908390695577,0.29833949612283933
263,0.12892812025003,0.19713977952771167,0.3265406845913498,0.34739141563090864
264,0.23473907826155566,0.07055258500839938,0.01579201313710906,0.678916323592936
265,0.17120077987948318,0.10686679265593654,0.11732115605461091,0.6046112714099693
266,0.9673302870249254,0.0,0.032669712975074684,0.0
267,0.0,0.0,0.059185200367624015,0.940814799632376
268,0.9647551679607882,0.0,0.03524483203921181,0.0
269,0.8090754041396989,0.0,0.09438854215581464,0.09653605370448635
270,0.9605324616454939,0.0,0.039467538354506074,0.0
271,0.9247645004772338,0.02210774493207707,0.0,0.05312775459068911
272,0.8340562904128699,0.0,0.16594370958713003,0.0
273,0.8719551353025573,0.0,0.039483622925929975,0.08856124177151267
274,0.22813582497098409,0.0,0.1653701913675728,0.606493983661443
275,0.9483973519176481,0.0,0.05160264808235197,0.0
276,0.6392375580183998,0.0,0.14256121968426547,0.2182012222973347
277,0.9573322207479981,0.0,0.04266777925200192,0.0
278,0.4440685484069229,0.06722717085893744,0.20317938754283804,0.2855248931913017
279,0.22489922688288336,0.07860858980886797,0.006344939125510215,0.6901472441827384
280,0.16869900395668383,0.02948761993174071,0.00034801438760908546,0.8014653617239664
281,0.6245591487842095,0.04235427082844332,0.19393842433050412,0.1391481560568431
282,0.704995581648718,0.012548701499918956,0.16478399826701476,0.11767171858434831
283,0.38947354876973067,0.01472657856289419,0.14717675602027563,0.4486231166470995
284,0.0,0.03309853251356197,0.04468372197467648,0.9222177455117616
285,0.0,0.0,0.04948578576730624,0.9505142142326939
286,0.7730464674132419,0.0,0.0,0.22695353258675807
287,0.9603811191586079,0.0,0.03961888084139211,0.0
288,0.4779899716567064,0.0,0.09171259706764215,0.4302974312756515
289,0.9528250698326772,0.0,0.04717493016732277,0.0
290,0.0,0.0,0.0,1.0
291,0.05382414047183466,0.0,0.0,0.9461758595281653
292,1.0,0.0,0.0,0.0
293,0.9598411874757965,0.0,0.04015881252420352,0.0
294,0.9601204635711968,0.0,0.03987953642880324,0.0
295,0.005311769618307034,0.023963564487003125,0.06566791747958972,0.9050567484151002
296,0.9604566690486666,0.0,0.03954333095133348,0.0
297,0.7308014105921711,0.0,0.1839488710761584,0.08524971833167057
298,0.1822486969659125,0.0576840272090791,0.025693139314441924,0.7343741365105664
299,0.6992860741168723,0.0,0.146383385416407,0.15433054046672076
300,0.47850475341194204,0.0,0.0,0.5214952465880581
301,0.07335568905040883,0.18762273490591377,0.050526740649764,0.6884948353939134
302,0.15119488272932552,0.2326020251681068,0.3643070040095908,0.25189608809297687
303,0.33320592810797117,0.3452603262046475,0.173957821976924,0.14757592371045736
304,0.95836641115162,0.0,0.041633588848380025,0.0
305,0.37194731390547137,0.03145268398349931,0.09384164304566148,0.5027583590653678
306,0.7097209295491126,0.007998052037686516,0.17792622554894424,0.10435479286425665
307,0.7991577717807512,0.0,0.16550627349148178,0.03533595472776699
308,0.0,0.43340333746467385,0.42149067056863415,0.145105991966692
309,0.9537675824664584,0.0,0.04623241753354167,0.0
310,0.9508644832719453,0.0,0.049135516728054655,0.0
311,0.9586152757209865,0.0,0.041384724279013574,0.0
312,0.9678004912862175,0.0,0.03219950871378248,0.0
313,0.0,0.3913990974263538,0.6012863549759182,0.007314547597727984
314,0.0,0.009715983960136185,0.0527066598006325,0.9375773562392313
315,0.8188555118737981,0.0,0.14177457662340776,0.03936991150279415
316,0.3893013971540675,0.0,0.07274439383286761,0.5379542090130648
317,0.9773860446910612,0.008856267051605627,0.01375768825733309,0.0
318,0.36608748986128725,0.03009725621429751,0.0515322879160174,0.5522829660083979
319,0.2888152711848329,0.04369492368489419,0.1121618207982556,0.5553279843320174
320,0.3091540805892793,0.029077033309269754,0.16886480633563775,0.4929040797658131
321,0.40223474693008043,0.09332526155646029,0.27928159386372176,0.22515839764973747
322,0.9602818597214186,0.0,0.039718140278581476,0.0
323,0.8014004042031119,0.0,0.17618592249693388,0.022413673299954286
324,0.9597699408174409,0.0,0.040230059182559084,0.0
325,0.8060310682959715,0.01459262144258681,0.09157943839740978,0.08779687186403194
326,0.95976046162143,0.0,0.04023953837856997,0.0
327,0.9512128986289464,0.0,0.04878710137105359,0.0
328,0.9510069140204652,0.0,0.04899308597953482,0.0
329,0.9512113265147005,0.0,0.04878867348529945,0.0
330,0.3328774989499817,0.3377145558446136,0.1862494177913932,0.14315852741401147
331,0.7651440409990277,0.00660324209792202,0.15097260227913128,0.07728011462391912
332,0.9549810085673504,0.0,0.04501899143264974,0.0
333,0.9602716594631833,0.0,0.03972834053681678,0.0
334,0.9604990672086046,0.0,0.03950093279139543,0.0
335,0.9605366301832232,0.0,0.03946336981677675,0.0
336,0.9611945628292546,0.0,0.03880543717074533,0.0
337,0.8215931487118707,0.0,0.1784068512881292,0.0
338,0.13027166460154688,0.04486973297787374,0.1770031694825225,0.6478554329380569
339,0.1782673038241396,0.08293837768528395,0.12431235050627443,0.614481967984302
340,0.9567786796839507,0.0,0.043221320316049354,0.0
341,0.9605569722767356,0.0,0.03944302772326428,0.0
342,0.22114880035998297,0.2581572720856959,0.18330038100516743,0.33739354654915366
343,0.22609017522445546,0.0605061641373219,0.06765985871762983,0.6457438019205929
344,0.9516542900619949,0.00017387630107715905,0.04817183363692789,0.0
345,0.046816823221494254,0.0038053027892106664,0.16068129143793808,0.788696582551357
346,0.9662995081425421,0.0,0.03370049185745788,0.0
347,0.9534798391320147,0.0,0.04652016086798531,0.0
348,0.07257148256370025,0.2242065549525984,0.3304036253235041,0.3728183371601972
349,0.08401895364230504,0.38910451071170366,0.0,0.5268765356459914
350,0.9601293433803133,0.0,0.039870656619686654,0.0
351,0.960112277425001,0.0,0.03988772257499899,0.0
352,0.8374016733244691,0.0,0.07795303153172321,0.08464529514380775
353,0.0,0.0,0.18485782721588725,0.8151421727841127
354,0.8334102669772294,0.0,0.1487321972171671,0.017857535805603498
355,0.9926295782702078,0.0,0.0,0.007370421729792235
356,0.9603651655956734,0.0,0.03963483440432655,0.0
357,0.31939014981064134,0.6138490706045795,0.06676077958477908,0.0
358,0.15388977480025837,0.0900673380912629,0.20374245387329729,0.5523004332351814
359,0.04892770803273314,0.0,0.026875278519276596,0.9241970134479902
360,0.05206329715026921,0.2915920664294624,0.3441762878021456,0.3121683486181229
361,0.062092692708594584,0.1230963392276412,0.12644467955693867,0.6883662885068256
362,0.09213851155589249,0.25680576028291807,0.23158014059062254,0.41947558757056697
363,0.30744077071742665,0.0908282578252187,0.11615269185641511,0.4855782796009395
364,0.29981827460006466,0.03912897722052934,0.12280056998819897,0.5382521781912071
365,0.9309037734130391,0.016565074233936997,0.05253115235302395,0.0
366,1.0,0.0,0.0,0.0
367,0.01849841319745202,0.0,0.22236126198292358,0.7591403248196243
368,0.01540993109440604,0.7748039797430673,0.11938270455219416,0.0904033846103326
369,0.019693670639283133,0.5916692546491386,0.15467736568403465,0.23395970902754357
370,0.7432634591999294,0.0,0.15295022582737025,0.10378631497270033
371,0.3223211133896111,0.0029185805456670858,0.05346882503358716,0.6212914810311346
372,0.010044427980990868,0.8414016312451653,0.11539021002346346,0.03316373075038027
373,0.0,0.0,0.018212823832267497,0.9817871761677325
374,0.03582182593741827,0.7250197481638208,0.06728963434144475,0.17186879155731621
375,0.04856742800143314,0.8111936997149134,0.05074520638610242,0.08949366589755109
376,0.04856742800143314,0.8111936997149134,0.05074520638610242,0.08949366589755109
377,0.6927553054176178,0.0,0.11499526000676333,0.1922494345756188
378,0.9692764173675985,0.0,0.030723582632401488,0.0
379,1.0,0.0,0.0,0.0
380,0.1561809438066102,0.08619909897134843,0.20529796062413888,0.5523219965979025
381,0.0031279755347684815,0.0,0.024768904617901797,0.9721031198473297
382,0.7399707470215541,0.004222956511092587,0.1669150454189065,0.08889125104844678
383,0.0,1.0,0.0,0.0
384,0.34548715183150897,0.31919190678756204,0.15774862279431703,0.17757231858661185
385,0.01837617739972753,0.5803700327741288,0.1395458988092197,0.2617078910169239
386,0.05071536342825012,0.4393220858144241,0.08035614093582517,0.42960640982150067
387,0.40282391359346303,0.0,0.002946653643023311,0.5942294327635136
388,0.008490713328478281,0.009446870477160595,0.8364226337482876,0.14563978244607345
389,0.2144002825010685,0.1544569638303583,0.2961302285788205,0.3350125250897528
390,0.01076302830516569,0.583832896482075,0.14726575010691031,0.25813832510584894
391,0.2208817116831517,0.09531683900921722,0.10768683801603855,0.5761146112915926
392,0.011413946818278823,0.7419050979935038,0.11960230890437487,0.12707864628384263
393,0.9609591979691358,0.002598965916395698,0.03314904666021156,0.0032927894542570174
394,0.0,0.0,0.14994700210921194,0.8500529978907881
395,0.3188605627502009,0.0,0.0,0.6811394372497991
396,0.31951984866162547,0.007961197482841326,0.08948944451305237,0.5830295093424809
397,0.07535546317094972,0.3759635421412092,0.008894944693753997,0.5397860499940872
398,0.0,0.0,0.0,1.0
399,0.06734173936762504,0.06942082590826038,0.0,0.8632374347241145
400,0.19006483295423507,0.05071903143608181,0.0,0.7592161356096832
401,0.01370254783400946,0.0,0.0,0.9862974521659905
402,0.9390325219727795,0.0,0.0,0.06096747802722041
403,0.0,0.0,0.0,1.0
404,0.027034198928688104,0.2259682257885096,0.017549296419500756,0.7294482788633014
405,0.0,0.0,0.01169593614292462,0.9883040638570755
406,0.0,0.13557021073661626,0.04834727408617756,0.8160825151772061
407,0.05413534022927579,0.0,0.09524338122629195,0.8506212785444324
408,0.0,0.0,0.0,1.0
409,0.22382974834631647,0.02112177250807973,0.04432237382037029,0.7107261053252335
410,0.0,0.0,0.0,1.0
411,0.0,0.0,0.003611264875738297,0.9963887351242616
412,0.0425898704382794,0.0,0.009325596715595954,0.9480845328461246
413,0.0,0.0,0.0954359981340285,0.9045640018659715
414,0.2678990278970348,0.0,0.0,0.7321009721029651
415,0.12103814119164229,0.0,0.08238583321651353,0.7965760255918442
416,0.08468453313870364,0.06070213541120685,0.011151305332939652,0.8434620261171498
417,0.03369711390662528,0.006287614911689997,0.0,0.9600152711816847
418,0.0,0.0,0.0,1.0
419,0.021221870769710046,0.0075143938891927215,0.0,0.9712637353410971
420,0.08903361300039424,0.046899810059065086,0.007579833377921125,0.8564867435626196
421,0.0,0.0,0.0,1.0
422,0.11570877140326895,0.02331986711836616,0.011734157913537333,0.8492372035648276
423,0.0,0.0,0.0,1.0
424,0.0,0.0,0.0,1.0
425,0.0,0.0,0.0,1.0
426,0.0,0.0,0.0,1.0
427,0.0,0.0,0.007949146055340861,0.9920508539446592
428,0.0,0.0,0.0,1.0
429,0.008880006698782751,0.01443821462523832,0.0,0.9766817786759789
430,0.0,0.0,0.0,1.0
431,0.0,0.0,0.0,1.0
432,0.02111334303752255,0.0,0.0,0.9788866569624773
433,0.18659700402818633,0.03602638033438175,0.0,0.7773766156374319
434,0.0017807394013483475,0.09362075109612449,0.12232416536078308,0.7822743441417441
435,0.3457031855848966,0.0,0.005593602593402659,0.6487032118217008
436,0.0,0.0,0.3997423666855461,0.6002576333144539
437,0.0634249661305362,0.001363268766194207,0.041445981744435,0.8937657833588346
438,0.0,0.0,0.0,1.0
439,0.0,0.01183473593125586,0.0,0.9881652640687442
440,0.0,0.0,0.0,1.0
441,0.0,0.028889158068817186,0.0,0.9711108419311829
442,0.024994411090943948,0.14928997792137016,0.15455529624306744,0.6711603147446186
443,0.0,0.0,0.0,1.0
444,0.2791917044357431,0.16101196923553662,0.051308809634745316,0.508487516693975
445,0.0,0.0,0.0,1.0
446,0.1362909576498309,0.06697820326194921,0.0,0.7967308390882198
447,0.1506115129545349,0.09953456446191802,0.0,0.749853922583547
448,0.09204511403260712,0.06829169009534775,0.0,0.8396631958720452
449,0.06402461252502571,0.010829540929028105,0.01762789021651503,0.9075179563294311
450,0.32955893770522554,0.0009973598435756203,0.0,0.6694437024511989
451,0.16373395509382951,0.09840380813495951,0.014610784397870486,0.7232514523733404
452,0.0,0.0,0.0,1.0
453,0.0,0.009730699865410766,0.0,0.9902693001345891
454,0.011560577805363516,0.0,0.0,0.9884394221946364
455,0.08656706485693522,0.14103946900570138,0.03246302904549127,0.7399304370918721
456,0.0,0.0,0.013130701326900012,0.9868692986731
457,0.0,0.0,0.058108813208818236,0.9418911867911818
458,0.16280923195553204,0.14052399439446142,0.0060292966265186685,0.6906374770234879
459,0.060195426266068476,0.0,0.02792745378133404,0.9118771199525976
460,0.13937888157457792,0.026922289281883175,0.005926633442824859,0.827772195700714
461,0.16468176890589262,0.02173721133259368,0.019111695411985753,0.794469324349528
462,0.0,0.0,0.0,1.0
463,0.0,0.0,0.0,1.0
464,0.16086017417005669,0.10266006356634969,0.13859507931344922,0.5978846829501445
465,0.0570784149116836,0.041787734864423165,0.0,0.9011338502238933
466,0.04228265260866041,0.0,0.009588196225316618,0.9481291511660229
467,0.0,0.0,0.0,1.0
468,0.1797702362096113,0.09816515581785784,0.01771630702522658,0.7043483009473042
469,0.13850082249893653,0.04682791448049982,0.0,0.8146712630205637
470,0.0,0.0,0.006889643258222362,0.9931103567417776
471,0.0,0.0,0.0,1.0
472,0.05367823923913135,0.07848814617377892,0.010219155719896025,0.8576144588671938
473,0.0,0.3431224016966169,0.04079763069678942,0.6160799676065938
474,0.0,0.0,0.0,1.0
475,0.08522477787483504,0.05489681583304754,0.05094815193020416,0.8089302543619132
476,0.044356813116467546,0.0,0.0,0.9556431868835324
477,0.0,0.0,0.0,1.0
478,0.0,0.0,0.0,1.0
479,0.09863428125372911,0.0,0.03141207358167861,0.8699536451645923
480,0.15230161069526219,0.10571442678428387,0.00480689549919334,0.7371770670212606
481,0.0,0.0,0.0,1.0
482,0.0,0.0,0.0,1.0
483,0.0,0.0,0.11649877822390457,0.8835012217760954
484,0.684252949740591,0.02882179165547879,0.017920423222442673,0.2690048353814877
485,0.2772469323825073,0.09768355678289296,0.016371197081773856,0.6086983137528259
486,0.08606303210121892,0.014355773720678694,0.07025499390576347,0.8293262002723389
487,0.18421009981400727,0.12452116230834158,0.003417169728408524,0.6878515681492425
488,0.15590090019253683,0.08554806624385708,0.0,0.7585510335636061
489,0.16529766327275466,0.11000419698859316,0.0,0.7246981397386522
490,0.9999323931537105,6.760684628938462e-05,0.0,0.0
491,0.9995742475402619,0.0004257524597380299,0.0,0.0
492,0.9998979698795251,0.00010203012047499207,0.0,0.0
493,0.9545752252843158,0.0012563328436991804,0.0,0.04416844187198505
494,0.2239547296398294,0.40692859043698126,0.0,0.3691166799231894
495,0.7629353874595852,0.23706461254041475,0.0,0.0
496,0.9809507824489924,0.019049217551007643,0.0,0.0
497,0.9975480288417632,0.0024519711582368766,0.0,0.0
498,0.135174476267257,0.1147752950351082,0.0,0.7500502286976349
499,0.05888769285549453,0.7708226036945894,0.016278319892806432,0.15401138355710947
500,0.22631689230963822,0.0,0.0,0.7736831076903619
501,0.314014481274814,0.10651930555043868,0.0,0.5794662131747472
502,0.9881640223365639,0.007087229714378524,0.0,0.0047487479490575975
503,0.20378817705986516,0.03347126724582675,0.0,0.7627405556943081
504,0.3353173842246257,0.0,0.0,0.6646826157753742
505,0.03348361063660728,0.0,0.06815614616964982,0.8983602431937429
506,0.08742816607144474,0.0,0.01799101987554777,0.8945808140530075
507,0.03656530261871289,0.01980188552306181,0.0,0.9436328118582253
508,0.10278108423617043,0.2886256893054301,0.08480041971671681,0.5237928067416828
509,0.040738605540644464,0.023508272142594586,0.0,0.9357531223167609
510,0.03416058735278969,0.48311316613830646,0.05104922166437713,0.43167702484452664
511,0.0,0.0,0.0,1.0
512,0.0,0.0,0.0,1.0
513,0.343697346392754,0.0,0.04379486949239602,0.6125077841148499
514,0.043219468644647055,0.0,0.011980872335983056,0.9447996590193699
515,0.02818347914773065,0.0,0.03141351598611501,0.9404030048661544
516,0.0,0.0,0.0,1.0
517,0.0,0.0,0.0,1.0
518,0.0,0.001932052651602935,0.0,0.9980679473483971
519,0.025964735697484115,0.0,0.007998097505397693,0.9660371667971182
520,0.07873762140320015,0.0,0.005492979366629877,0.91576939923017
521,0.32683129177432946,0.0077439008352835174,0.009135989203652039,0.656288818186735
522,0.0003747204071327264,0.0,0.0,0.9996252795928674
523,0.0,0.015838835731490312,0.0,0.9841611642685096
524,0.0,0.03962304916377121,0.0,0.9603769508362288
525,0.5783627146279351,0.0,0.125750347721525,0.29588693765054
526,0.04738491995796628,0.0,0.008466197163890115,0.9441488828781436
527,0.016948286726461682,0.021421657407978027,0.0,0.9616300558655604
528,0.004104976320408284,0.004385917595928449,0.00542755685252694,0.9860815492311363
529,0.15429168800504509,0.09662199799381972,0.0,0.7490863140011351
530,0.09811632861596045,0.07896522058569384,0.0,0.8229184507983457
531,0.0,0.0011167766246929257,0.030585193826422073,0.968298029548885
532,0.22830137552811242,0.016013779096738685,0.0,0.7556848453751489
533,0.18761939184802437,0.11160543133373156,0.01338574961531291,0.6873894272029312
534,0.0047866914829767515,0.0,0.0,0.9952133085170232
535,0.0,0.0,0.007426613836938766,0.9925733861630612
536,0.0,0.0,0.0,1.0
537,0.0,0.0,0.0,1.0
538,0.05720398811447154,0.06447456305431361,0.01021606224558981,0.868105386585625
539,0.0,0.005601404161165036,0.031707342923837575,0.9626912529149974
540,0.0,0.0,0.0,1.0
541,0.0,0.0,0.006511882118662992,0.9934881178813371
542,0.0,0.27378057067939193,0.032692801291577665,0.6935266280290304
543,0.0,0.0,0.0,1.0
544,0.0,0.3442978881717841,0.0342088975896018,0.621493214238614
545,0.011438065610442907,0.0,0.0,0.988561934389557
546,0.0,0.0,0.0,1.0
547,0.0,0.09109354046413252,0.0,0.9089064595358675
548,0.0,0.0,0.0,1.0
549,0.0,0.0,0.005739290400073882,0.9942607095999262
550,0.0,0.22337702134933773,0.028765552901269986,0.7478574257493922
551,0.11269032376004513,0.0,0.0,0.8873096762399549
552,0.0,0.0,0.0,1.0
553,0.0,0.4443625606588442,0.06599901333037833,0.48963842601077756
554,0.0,0.0,0.0,1.0
555,0.0,0.0,0.0,1.0
556,0.0,0.0,0.0,1.0
557,0.0,0.0,0.42629498207982397,0.573705017920176
558,0.0,0.012043242883584977,0.0,0.9879567571164151
559,0.0927568791398647,0.0,0.0,0.9072431208601353
560,0.0936915989875316,0.0,0.0,0.9063084010124683
561,0.8200019495120469,0.0,0.0,0.17999805048795325
562,0.0,0.0,0.0,1.0
563,0.0,0.0,0.0,1.0
564,0.004675184839110704,0.0,0.0,0.9953248151608893
565,0.0,0.2283506849853265,0.06057628585914479,0.7110730291555287
566,0.0824783447645055,0.046817715103863275,0.0,0.8707039401316312
567,0.40465193698032353,0.0,0.0,0.5953480630196765
568,0.4099008872113814,0.0,0.0,0.5900991127886187
569,0.10990504450629829,0.062126750901771444,0.0,0.8279682045919303
570,0.47132438215195777,0.0,0.0,0.5286756178480421
571,0.029967715216072718,0.26434963885409396,0.08612857555226819,0.6195540703775652
572,0.0,0.0,0.005629324179096626,0.9943706758209034
573,0.0,0.0,0.0,1.0
574,0.0,0.0,0.0,1.0
575,0.0,0.015008704324054205,0.11560708444890919,0.8693842112270366
576,0.0,0.0,0.02960922659346393,0.9703907734065361
577,0.0,0.0,0.0,1.0
578,0.0,0.6516117137698095,0.0,0.3483882862301905
579,0.0,0.0,0.021536365156191725,0.9784636348438082
580,0.0,0.0,0.0,1.0
581,0.04262816231152052,0.0,0.005569958565147917,0.9518018791233316
582,0.0013834508928729494,0.06173098084059081,0.001526988986280846,0.9353585792802553
583,0.1563570316689103,0.0,0.0,0.8436429683310896
584,0.1391585326198518,0.0,0.0,0.8608414673801481
585,0.05186562155159629,0.0,0.0,0.9481343784484038
586,0.019419572017864817,0.0,0.0,0.9805804279821352
587,0.03866486415898726,0.6882406938184136,0.006356762759749194,0.26673767926284997
588,0.0,0.05845671417924364,9.750948849401383e-05,0.9414457763322623
589,0.11493952819215565,0.036696203430772865,0.05494411687237281,0.7934201515046986
590,0.3095045859298239,0.03857932093305314,0.11367088505000982,0.5382452080871133
591,0.0,0.06423325405259563,0.0001916757141760878,0.9355750702332283
592,0.2031607547090609,0.0,0.0,0.7968392452909392
593,0.6242399586499106,0.0,0.008981856216627344,0.3667781851334623
594,0.36887347253816927,0.10348292177142861,0.0,0.5276436056904021
595,0.06871876986014777,0.026531689400624916,0.0009492237421073613,0.90380031699712
596,0.05979007517606158,0.027222180164376487,0.16537574113853154,0.7476120035210304
597,0.041009975758820066,0.0,0.05068515154026997,0.90830487270091
598,0.10477720321143333,0.04463037826553691,0.011126189074481022,0.8394662294485487
599,0.2621059754061424,0.0,0.0,0.7378940245938576
600,0.18703625476457036,0.0,0.0176573773017972,0.7953063679336325
601,0.012594170917589036,0.06338291566216366,0.026859189149444036,0.8971637242708034
602,0.10950672280345514,0.057106774757698604,0.06410014923612956,0.7692863532027168
603,0.11177209292496267,0.06188993780289745,0.0,0.8263379692721399
604,0.2831351899546083,0.0,0.0882791280629154,0.6285856819824763
605,0.02510774630048358,0.0,0.0,0.9748922536995164
606,0.34446261856869526,0.03640460598593814,0.01108390472277758,0.608048870722589
607,0.0,0.02987081846294894,0.06461614830593083,0.9055130332311203
608,0.0,0.0,0.0005696605279152953,0.9994303394720847
609,0.04124207614448181,0.03161554527920724,0.0,0.927142378576311
610,0.5717786695323415,0.041652712214814036,0.007596347879752028,0.37897227037309256
611,0.0,0.07412137754708151,0.003948198229769395,0.9219304242231491
612,0.06940229365828075,0.0,0.12351835576038822,0.8070793505813311
613,0.05841610440997755,0.04167515544973589,0.03678065278325665,0.8631280873570298
614,0.05841610440997755,0.04167515544973589,0.03678065278325665,0.8631280873570298
615,0.17622069134595414,0.1200880886761072,0.0,0.7036912199779386
616,0.0,0.0,0.0,1.0
617,0.4972805990405604,0.0,0.10260695974259564,0.4001124412168441
618,0.04996205749997211,0.0,0.0,0.9500379425000279
619,0.0,0.0,0.0005188405653224278,0.9994811594346776
620,0.007340830995012813,0.8537346619173164,0.0,0.13892450708767087
621,0.08879373046381343,0.023743090704603672,0.0,0.8874631788315829
622,0.017619808968579447,0.027346236112509404,0.0022954784921267717,0.9527384764267844
623,0.0,0.0,0.0,1.0
624,0.18241622222563691,0.10096835317760518,0.0,0.7166154245967579
625,0.0,0.0,0.0,1.0
626,1.0,0.0,0.0,0.0
627,0.0,0.0063124618665905225,0.0,0.9936875381334096
628,0.059541559234878944,0.0,0.1438158593054783,0.7966425814596427
629,0.0,0.10319162479614319,0.06850233816565472,0.828306037038202
630,0.0,0.0,0.0,1.0
631,0.0,0.0,0.0348051903658839,0.9651948096341161
632,0.016829244622245138,0.0,0.023857294729758977,0.9593134606479958
633,0.0,0.0,0.0,1.0
634,0.00016807562422106363,0.0,0.01630022663477876,0.9835316977410002
635,0.0,0.0,0.024585087268611274,0.9754149127313888
636,0.010811122212956593,0.0,0.025340084627193157,0.9638487931598503
637,0.0037076119467336884,0.012426410039208776,0.013734666226119368,0.9701313117879382
638,0.05552484232344426,0.0,0.06663202921438316,0.8778431284621726
